  1000.000	     0.000
  1000.586	     0.000
  1001.173	     1.000
  1001.760	     1.000
  1002.346	     1.000
  1002.933	     0.000
  1003.519	     1.000
  1004.106	     1.000
  1004.692	     0.000
  1005.279	     0.000
  1005.865	     2.000
  1006.452	     2.000
  1007.038	     2.000
  1007.625	     0.000
  1008.211	     3.000
  1008.798	     1.000
  1009.384	     1.000
  1009.971	     1.000
  1010.557	     0.000
  1011.144	     1.000
  1011.730	     1.000
  1012.317	     2.000
  1012.903	     2.000
  1013.490	     2.000
  1014.076	     2.000
  1014.663	     1.000
  1015.249	     1.000
  1015.836	     0.000
  1016.422	     1.000
  1017.009	     1.000
  1017.595	     2.000
  1018.182	     1.000
  1018.768	     1.000
  1019.355	     0.000
  1019.941	     1.000
  1020.528	     1.000
  1021.114	     2.000
  1021.701	     2.000
  1022.287	     1.000
  1022.874	     1.000
  1023.460	     3.000
  1024.047	     0.000
  1024.633	     2.000
  1025.220	     0.000
  1025.806	     1.000
  1026.393	     1.000
  1026.979	     1.000
  1027.566	     1.000
  1028.152	     1.000
  1028.739	     2.000
  1029.326	     2.000
  1029.912	     1.000
  1030.499	     2.000
  1031.085	     2.000
  1031.672	     2.000
  1032.258	     2.000
  1032.845	     1.000
  1033.431	     1.000
  1034.018	     0.000
  1034.604	     0.000
  1035.191	     1.000
  1035.777	     2.000
  1036.364	     1.000
  1036.950	     0.000
  1037.537	     1.000
  1038.123	     0.000
  1038.710	     1.000
  1039.296	     1.000
  1039.883	     2.000
  1040.469	     2.000
  1041.056	     1.000
  1041.642	     1.000
  1042.229	     1.000
  1042.815	     1.000
  1043.402	     0.000
  1043.988	     1.000
  1044.575	     2.000
  1045.161	     2.000
  1045.748	     2.000
  1046.334	     1.000
  1046.921	     0.000
  1047.507	     1.000
  1048.094	     2.000
  1048.680	     2.000
  1049.267	     2.000
  1049.853	     1.000
  1050.440	     1.000
  1051.026	     2.000
  1051.613	     1.000
  1052.199	     1.000
  1052.786	     0.000
  1053.372	     1.000
  1053.959	     2.000
  1054.545	     1.000
  1055.132	     2.000
  1055.719	     2.000
  1056.305	     2.000
  1056.891	     1.000
  1057.478	     0.000
  1058.065	     1.000
  1058.651	     1.000
  1059.238	     0.000
  1059.824	     2.000
  1060.411	     1.000
  1060.997	     1.000
  1061.584	     3.000
  1062.170	     2.000
  1062.757	     1.000
  1063.343	     1.000
  1063.930	     1.000
  1064.516	     1.000
  1065.103	     1.000
  1065.689	     0.000
  1066.276	     1.000
  1066.862	     1.000
  1067.449	     1.000
  1068.035	     0.000
  1068.622	     1.000
  1069.208	     1.000
  1069.795	     1.000
  1070.381	     0.000
  1070.968	     1.000
  1071.554	     1.000
  1072.141	     2.000
  1072.727	     2.000
  1073.314	     2.000
  1073.900	     2.000
  1074.487	     1.000
  1075.073	     2.000
  1075.660	     1.000
  1076.246	     1.000
  1076.833	     1.000
  1077.419	     0.000
  1078.006	     2.000
  1078.592	     1.000
  1079.179	     0.000
  1079.765	     1.000
  1080.352	     0.000
  1080.938	     1.000
  1081.525	     2.000
  1082.111	     1.000
  1082.698	     1.000
  1083.284	     3.000
  1083.871	     1.000
  1084.458	     2.000
  1085.044	     1.000
  1085.630	     0.000
  1086.217	     3.000
  1086.803	     1.000
  1087.390	     2.000
  1087.977	     2.000
  1088.563	     2.000
  1089.150	     1.000
  1089.736	     0.000
  1090.323	     1.000
  1090.909	     1.000
  1091.496	     2.000
  1092.082	     1.000
  1092.669	     0.000
  1093.255	     2.000
  1093.842	     2.000
  1094.428	     1.000
  1095.015	     2.000
  1095.601	     0.000
  1096.188	     1.000
  1096.774	     0.000
  1097.361	     1.000
  1097.947	     1.000
  1098.534	     2.000
  1099.120	     1.000
  1099.707	     1.000
  1100.293	     1.000
  1100.880	     1.000
  1101.466	     2.000
  1102.053	     2.000
  1102.639	     2.000
  1103.226	     0.000
  1103.812	     1.000
  1104.399	     1.000
  1104.985	     2.000
  1105.572	     3.000
  1106.158	     2.000
  1106.745	     0.000
  1107.331	     0.000
  1107.918	     0.000
  1108.504	     1.000
  1109.091	     2.000
  1109.677	     1.000
  1110.264	     2.000
  1110.850	     1.000
  1111.437	     2.000
  1112.023	     2.000
  1112.610	     1.000
  1113.197	     3.000
  1113.783	     2.000
  1114.370	     2.000
  1114.956	     3.000
  1115.542	     2.000
  1116.129	     2.000
  1116.716	     2.000
  1117.302	     2.000
  1117.889	     1.000
  1118.475	     1.000
  1119.062	     3.000
  1119.648	     2.000
  1120.235	     1.000
  1120.821	     3.000
  1121.408	     4.000
  1121.994	     2.000
  1122.581	     5.000
  1123.167	     1.000
  1123.754	     3.000
  1124.340	     2.000
  1124.927	     0.000
  1125.513	     3.000
  1126.100	     2.000
  1126.686	     4.000
  1127.273	     3.000
  1127.859	     4.000
  1128.446	     2.000
  1129.032	     2.000
  1129.619	     2.000
  1130.205	     2.000
  1130.792	     2.000
  1131.378	     4.000
  1131.965	     3.000
  1132.551	     4.000
  1133.138	     3.000
  1133.724	     3.000
  1134.311	     3.000
  1134.897	     3.000
  1135.484	     3.000
  1136.070	     4.000
  1136.657	     4.000
  1137.243	     5.000
  1137.830	     5.000
  1138.416	     6.000
  1139.003	     6.000
  1139.589	     5.000
  1140.176	     6.000
  1140.762	     7.000
  1141.349	     6.000
  1141.935	     7.000
  1142.522	     6.000
  1143.109	     8.000
  1143.695	     9.000
  1144.281	     9.000
  1144.868	     9.000
  1145.455	    10.000
  1146.041	    10.000
  1146.628	    10.000
  1147.214	    11.000
  1147.801	    10.000
  1148.387	     8.000
  1148.974	     9.000
  1149.560	    11.000
  1150.147	    11.000
  1150.733	    12.000
  1151.320	    11.000
  1151.906	    11.000
  1152.493	    10.000
  1153.079	    11.000
  1153.666	    11.000
  1154.252	    13.000
  1154.839	    12.000
  1155.425	    12.000
  1156.012	    12.000
  1156.598	    12.000
  1157.185	    11.000
  1157.771	    12.000
  1158.358	    12.000
  1158.944	    12.000
  1159.531	    13.000
  1160.117	    11.000
  1160.704	    12.000
  1161.290	    12.000
  1161.877	    12.000
  1162.463	    13.000
  1163.050	    13.000
  1163.636	    12.000
  1164.223	    12.000
  1164.809	    13.000
  1165.396	    13.000
  1165.982	    12.000
  1166.569	    12.000
  1167.155	    11.000
  1167.742	    12.000
  1168.328	    10.000
  1168.915	    10.000
  1169.501	    11.000
  1170.088	     9.000
  1170.674	    11.000
  1171.261	    10.000
  1171.848	    10.000
  1172.434	    10.000
  1173.021	     9.000
  1173.607	    10.000
  1174.194	    10.000
  1174.780	    10.000
  1175.367	    10.000
  1175.953	    10.000
  1176.540	    10.000
  1177.126	    12.000
  1177.713	    11.000
  1178.299	    12.000
  1178.886	    13.000
  1179.472	    13.000
  1180.059	    14.000
  1180.645	    16.000
  1181.232	    18.000
  1181.818	    18.000
  1182.405	    19.000
  1182.991	    20.000
  1183.578	    23.000
  1184.164	    26.000
  1184.751	    27.000
  1185.337	    28.000
  1185.924	    32.000
  1186.510	    34.000
  1187.097	    35.000
  1187.683	    37.000
  1188.270	    39.000
  1188.856	    45.000
  1189.443	    46.000
  1190.029	    52.000
  1190.616	    52.000
  1191.202	    56.000
  1191.789	    58.000
  1192.375	    62.000
  1192.962	    66.000
  1193.548	    71.000
  1194.135	    73.000
  1194.721	    77.000
  1195.308	    82.000
  1195.894	    87.000
  1196.481	    90.000
  1197.068	    95.000
  1197.654	    99.000
  1198.240	   105.000
  1198.827	   109.000
  1199.413	   113.000
  1200.000	   118.000
  1200.587	   124.000
  1201.173	   129.000
  1201.760	   136.000
  1202.346	   142.000
  1202.932	   146.000
  1203.519	   151.000
  1204.106	   157.000
  1204.692	   162.000
  1205.279	   170.000
  1205.865	   172.000
  1206.452	   180.000
  1207.038	   187.000
  1207.625	   191.000
  1208.211	   199.000
  1208.798	   206.000
  1209.384	   211.000
  1209.971	   215.000
  1210.557	   224.000
  1211.144	   227.000
  1211.730	   234.000
  1212.317	   242.000
  1212.903	   246.000
  1213.490	   255.000
  1214.076	   260.000
  1214.663	   264.000
  1215.249	   271.000
  1215.836	   277.000
  1216.422	   283.000
  1217.009	   291.000
  1217.595	   294.000
  1218.182	   301.000
  1218.768	   306.000
  1219.355	   312.000
  1219.941	   320.000
  1220.528	   326.000
  1221.114	   331.000
  1221.701	   337.000
  1222.287	   344.000
  1222.874	   350.000
  1223.460	   355.000
  1224.047	   361.000
  1224.633	   365.000
  1225.220	   374.000
  1225.806	   378.000
  1226.393	   383.000
  1226.979	   389.000
  1227.566	   394.000
  1228.152	   400.000
  1228.739	   407.000
  1229.326	   414.000
  1229.912	   417.000
  1230.499	   422.000
  1231.085	   428.000
  1231.672	   433.000
  1232.258	   437.000
  1232.845	   445.000
  1233.431	   449.000
  1234.018	   455.000
  1234.604	   463.000
  1235.191	   467.000
  1235.777	   469.000
  1236.364	   475.000
  1236.950	   479.000
  1237.537	   483.000
  1238.123	   487.000
  1238.710	   492.000
  1239.296	   499.000
  1239.883	   502.000
  1240.469	   507.000
  1241.056	   512.000
  1241.642	   515.000
  1242.229	   517.000
  1242.815	   522.000
  1243.402	   526.000
  1243.988	   531.000
  1244.575	   534.000
  1245.161	   538.000
  1245.748	   542.000
  1246.334	   547.000
  1246.921	   549.000
  1247.507	   554.000
  1248.094	   558.000
  1248.680	   561.000
  1249.267	   562.000
  1249.853	   567.000
  1250.440	   568.000
  1251.026	   573.000
  1251.613	   574.000
  1252.199	   578.000
  1252.786	   580.000
  1253.372	   584.000
  1253.959	   586.000
  1254.545	   589.000
  1255.132	   590.000
  1255.719	   594.000
  1256.305	   595.000
  1256.891	   598.000
  1257.478	   599.000
  1258.065	   602.000
  1258.651	   603.000
  1259.238	   606.000
  1259.824	   609.000
  1260.411	   613.000
  1260.997	   612.000
  1261.584	   613.000
  1262.170	   615.000
  1262.757	   616.000
  1263.343	   617.000
  1263.930	   619.000
  1264.516	   621.000
  1265.103	   620.000
  1265.689	   621.000
  1266.276	   626.000
  1266.862	   623.000
  1267.449	   622.000
  1268.035	   625.000
  1268.622	   623.000
  1269.208	   622.000
  1269.795	   623.000
  1270.381	   622.000
  1270.968	   623.000
  1271.554	   623.000
  1272.141	   624.000
  1272.727	   621.000
  1273.314	   623.000
  1273.900	   618.000
  1274.487	   617.000
  1275.073	   617.000
  1275.660	   614.000
  1276.246	   612.000
  1276.833	   611.000
  1277.419	   606.000
  1278.006	   607.000
  1278.592	   606.000
  1279.179	   601.000
  1279.765	   599.000
  1280.352	   596.000
  1280.938	   595.000
  1281.525	   591.000
  1282.111	   590.000
  1282.698	   586.000
  1283.284	   583.000
  1283.871	   579.000
  1284.458	   574.000
  1285.044	   570.000
  1285.630	   565.000
  1286.217	   562.000
  1286.803	   559.000
  1287.390	   555.000
  1287.977	   550.000
  1288.563	   544.000
  1289.150	   540.000
  1289.736	   538.000
  1290.323	   532.000
  1290.909	   525.000
  1291.496	   523.000
  1292.082	   517.000
  1292.669	   510.000
  1293.255	   508.000
  1293.842	   501.000
  1294.428	   496.000
  1295.015	   493.000
  1295.601	   483.000
  1296.188	   477.000
  1296.774	   474.000
  1297.361	   469.000
  1297.947	   462.000
  1298.534	   457.000
  1299.120	   450.000
  1299.707	   445.000
  1300.293	   440.000
  1300.880	   432.000
  1301.466	   426.000
  1302.053	   422.000
  1302.639	   414.000
  1303.226	   408.000
  1303.812	   405.000
  1304.399	   396.000
  1304.985	   391.000
  1305.572	   382.000
  1306.158	   378.000
  1306.745	   370.000
  1307.331	   365.000
  1307.918	   357.000
  1308.504	   352.000
  1309.091	   346.000
  1309.677	   339.000
  1310.264	   332.000
  1310.850	   328.000
  1311.437	   321.000
  1312.023	   313.000
  1312.610	   307.000
  1313.197	   301.000
  1313.783	   295.000
  1314.370	   289.000
  1314.956	   284.000
  1315.542	   280.000
  1316.129	   272.000
  1316.716	   266.000
  1317.302	   259.000
  1317.889	   253.000
  1318.475	   248.000
  1319.062	   245.000
  1319.648	   239.000
  1320.235	   231.000
  1320.821	   226.000
  1321.408	   219.000
  1321.994	   216.000
  1322.581	   209.000
  1323.167	   204.000
  1323.754	   201.000
  1324.340	   194.000
  1324.927	   189.000
  1325.513	   185.000
  1326.100	   180.000
  1326.686	   173.000
  1327.273	   170.000
  1327.859	   165.000
  1328.446	   159.000
  1329.032	   157.000
  1329.619	   151.000
  1330.205	   147.000
  1330.792	   144.000
  1331.378	   139.000
  1331.965	   134.000
  1332.551	   132.000
  1333.138	   128.000
  1333.724	   125.000
  1334.311	   120.000
  1334.897	   115.000
  1335.484	   113.000
  1336.070	   110.000
  1336.657	   109.000
  1337.243	   104.000
  1337.830	   101.000
  1338.416	    96.000
  1339.003	    93.000
  1339.589	    90.000
  1340.176	    87.000
  1340.762	    86.000
  1341.349	    80.000
  1341.935	    76.000
  1342.522	    75.000
  1343.109	    75.000
  1343.695	    70.000
  1344.281	    67.000
  1344.868	    63.000
  1345.455	    60.000
  1346.041	    58.000
  1346.628	    54.000
  1347.214	    53.000
  1347.801	    51.000
  1348.387	    46.000
  1348.974	    45.000
  1349.560	    44.000
  1350.147	    43.000
  1350.733	    41.000
  1351.320	    40.000
  1351.906	    37.000
  1352.493	    35.000
  1353.079	    33.000
  1353.666	    32.000
  1354.252	    32.000
  1354.839	    30.000
  1355.425	    26.000
  1356.012	    24.000
  1356.598	    25.000
  1357.185	    24.000
  1357.771	    23.000
  1358.358	    22.000
  1358.944	    21.000
  1359.531	    20.000
  1360.117	    19.000
  1360.704	    18.000
  1361.290	    15.000
  1361.877	    14.000
  1362.463	    13.000
  1363.050	    16.000
  1363.636	    16.000
  1364.223	    15.000
  1364.809	    13.000
  1365.396	    12.000
  1365.982	    13.000
  1366.569	    11.000
  1367.155	    10.000
  1367.742	    10.000
  1368.328	    10.000
  1368.915	     9.000
  1369.501	    11.000
  1370.088	     8.000
  1370.674	     8.000
  1371.261	     6.000
  1371.848	     8.000
  1372.434	     8.000
  1373.021	     7.000
  1373.607	     9.000
  1374.194	     8.000
  1374.780	     6.000
  1375.367	     7.000
  1375.953	     5.000
  1376.540	     4.000
  1377.126	     4.000
  1377.713	     3.000
  1378.299	     6.000
  1378.886	     5.000
  1379.472	     4.000
  1380.059	     3.000
  1380.645	     4.000
  1381.232	     3.000
  1381.818	     3.000
  1382.405	     3.000
  1382.991	     3.000
  1383.578	     3.000
  1384.164	     4.000
  1384.751	     4.000
  1385.337	     3.000
  1385.924	     1.000
  1386.510	     1.000
  1387.097	     1.000
  1387.683	     2.000
  1388.270	     2.000
  1388.856	     2.000
  1389.443	     1.000
  1390.029	     1.000
  1390.616	     1.000
  1391.202	     2.000
  1391.789	     3.000
  1392.375	     3.000
  1392.962	     3.000
  1393.548	     3.000
  1394.135	     2.000
  1394.721	     4.000
  1395.308	     2.000
  1395.894	     3.000
  1396.481	     3.000
  1397.068	     3.000
  1397.654	     3.000
  1398.240	     3.000
  1398.827	     5.000
  1399.413	     5.000
  1400.000	     5.000
  1400.587	     6.000
  1401.173	     4.000
  1401.760	     4.000
  1402.346	     6.000
  1402.932	     4.000
  1403.519	     5.000
  1404.106	     6.000
  1404.692	     5.000
  1405.279	     5.000
  1405.865	     5.000
  1406.452	     5.000
  1407.038	     4.000
  1407.625	     3.000
  1408.211	     4.000
  1408.798	     4.000
  1409.384	     5.000
  1409.971	     4.000
  1410.557	     5.000
  1411.144	     4.000
  1411.730	     4.000
  1412.317	     3.000
  1412.903	     4.000
  1413.490	     4.000
  1414.076	     5.000
  1414.663	     4.000
  1415.249	     3.000
  1415.836	     2.000
  1416.422	     3.000
  1417.009	     3.000
  1417.595	     5.000
  1418.182	     4.000
  1418.768	     5.000
  1419.355	     2.000
  1419.941	     3.000
  1420.528	     3.000
  1421.114	     4.000
  1421.701	     4.000
  1422.287	     3.000
  1422.874	     2.000
  1423.460	     3.000
  1424.047	     2.000
  1424.633	     3.000
  1425.220	     2.000
  1425.806	     3.000
  1426.393	     3.000
  1426.979	     6.000
  1427.566	     4.000
  1428.152	     5.000
  1428.739	     4.000
  1429.326	     4.000
  1429.912	     5.000
  1430.499	     4.000
  1431.085	     6.000
  1431.672	     6.000
  1432.258	     6.000
  1432.845	     5.000
  1433.431	     6.000
  1434.018	     6.000
  1434.604	     6.000
  1435.191	     7.000
  1435.777	     7.000
  1436.364	     7.000
  1436.950	     8.000
  1437.537	     9.000
  1438.123	     8.000
  1438.710	     9.000
  1439.296	     8.000
  1439.883	     9.000
  1440.469	    12.000
  1441.056	    10.000
  1441.642	    12.000
  1442.229	    11.000
  1442.815	    11.000
  1443.402	    11.000
  1443.988	    11.000
  1444.575	    11.000
  1445.161	    11.000
  1445.748	    11.000
  1446.334	    12.000
  1446.921	    11.000
  1447.507	    12.000
  1448.094	    11.000
  1448.680	    10.000
  1449.267	    10.000
  1449.853	     9.000
  1450.440	     9.000
  1451.026	     8.000
  1451.613	     7.000
  1452.199	     7.000
  1452.786	     6.000
  1453.372	     6.000
  1453.959	     6.000
  1454.545	     5.000
  1455.132	     6.000
  1455.719	     4.000
  1456.305	     3.000
  1456.891	     3.000
  1457.478	     3.000
  1458.065	     4.000
  1458.651	     3.000
  1459.238	     3.000
  1459.824	     2.000
  1460.411	     3.000
  1460.997	     4.000
  1461.584	     3.000
  1462.170	     2.000
  1462.757	     1.000
  1463.343	     2.000
  1463.930	     1.000
  1464.516	     3.000
  1465.103	     3.000
  1465.689	     3.000
  1466.276	     3.000
  1466.862	     2.000
  1467.449	     1.000
  1468.035	     0.000
  1468.622	     2.000
  1469.208	     2.000
  1469.795	     1.000
  1470.381	     3.000
  1470.968	     1.000
  1471.554	     4.000
  1472.141	     2.000
  1472.727	     2.000
  1473.314	     0.000
  1473.900	     1.000
  1474.487	     1.000
  1475.073	     0.000
  1475.660	     3.000
  1476.246	     0.000
  1476.833	     0.000
  1477.419	     1.000
  1478.006	     1.000
  1478.592	     2.000
  1479.179	     3.000
  1479.765	     2.000
  1480.352	     0.000
  1480.938	     1.000
  1481.525	     1.000
  1482.111	     1.000
  1482.698	     1.000
  1483.284	     0.000
  1483.871	     1.000
  1484.458	     1.000
  1485.044	     1.000
  1485.630	     2.000
  1486.217	     1.000
  1486.803	     1.000
  1487.390	     1.000
  1487.977	     2.000
  1488.563	     0.000
  1489.150	     2.000
  1489.736	     1.000
  1490.323	     2.000
  1490.909	     3.000
  1491.496	     2.000
  1492.082	     2.000
  1492.669	     1.000
  1493.255	     1.000
  1493.842	     1.000
  1494.428	     2.000
  1495.015	     3.000
  1495.601	     1.000
  1496.188	     2.000
  1496.774	     1.000
  1497.361	     3.000
  1497.947	     0.000
  1498.534	     3.000
  1499.120	     0.000
  1499.707	     1.000
  1500.293	     1.000
  1500.880	     1.000
  1501.466	     2.000
  1502.053	     1.000
  1502.639	     2.000
  1503.226	     1.000
  1503.812	     1.000
  1504.399	     1.000
  1504.985	     1.000
  1505.572	     0.000
  1506.158	     2.000
  1506.745	     2.000
  1507.331	     1.000
  1507.918	     2.000
  1508.504	     1.000
  1509.091	     1.000
  1509.677	     1.000
  1510.264	     1.000
  1510.850	     1.000
  1511.437	     0.000
  1512.023	     0.000
  1512.610	     0.000
  1513.197	     1.000
  1513.783	     0.000
  1514.370	     2.000
  1514.956	     1.000
  1515.542	     2.000
  1516.129	     2.000
  1516.716	     0.000
  1517.302	     1.000
  1517.889	     2.000
  1518.475	     2.000
  1519.062	     1.000
  1519.648	     2.000
  1520.235	     2.000
  1520.821	     3.000
  1521.408	     3.000
  1521.994	     2.000
  1522.581	     1.000
  1523.167	     2.000
  1523.754	     1.000
  1524.340	     1.000
  1524.927	     1.000
  1525.513	     1.000
  1526.100	     2.000
  1526.686	     2.000
  1527.273	     3.000
  1527.859	     2.000
  1528.446	     3.000
  1529.032	     1.000
  1529.619	     0.000
  1530.205	     0.000
  1530.792	     2.000
  1531.378	     1.000
  1531.965	     1.000
  1532.551	     2.000
  1533.138	     2.000
  1533.724	     1.000
  1534.311	     1.000
  1534.897	     0.000
  1535.484	     0.000
  1536.070	     2.000
  1536.657	     1.000
  1537.243	     2.000
  1537.830	     2.000
  1538.416	     4.000
  1539.003	     1.000
  1539.589	     2.000
  1540.176	     2.000
  1540.762	     1.000
  1541.349	     0.000
  1541.935	     1.000
  1542.522	     1.000
  1543.109	     2.000
  1543.695	     0.000
  1544.281	     1.000
  1544.868	     1.000
  1545.455	     1.000
  1546.041	     1.000
  1546.628	     2.000
  1547.214	     1.000
  1547.801	     3.000
  1548.387	     1.000
  1548.974	     1.000
  1549.560	     0.000
  1550.147	     1.000
  1550.733	     3.000
  1551.320	     3.000
  1551.906	     3.000
  1552.493	     0.000
  1553.079	     2.000
  1553.666	     1.000
  1554.252	     1.000
  1554.839	     2.000
  1555.425	     3.000
  1556.012	     3.000
  1556.598	     3.000
  1557.185	     2.000
  1557.771	     3.000
  1558.358	     2.000
  1558.944	     2.000
  1559.531	     1.000
  1560.117	     2.000
  1560.704	     1.000
  1561.290	     0.000
  1561.877	     2.000
  1562.463	     2.000
  1563.050	     3.000
  1563.636	     3.000
  1564.223	     2.000
  1564.809	     1.000
  1565.396	     3.000
  1565.982	     2.000
  1566.569	     0.000
  1567.155	     1.000
  1567.742	     1.000
  1568.328	     2.000
  1568.915	     1.000
  1569.501	     1.000
  1570.088	     1.000
  1570.674	     1.000
  1571.261	     2.000
  1571.848	     3.000
  1572.434	     2.000
  1573.021	     1.000
  1573.607	     1.000
  1574.194	     2.000
  1574.780	     2.000
  1575.367	     2.000
  1575.953	     2.000
  1576.540	     0.000
  1577.126	     2.000
  1577.713	     2.000
  1578.299	     3.000
  1578.886	     4.000
  1579.472	     3.000
  1580.059	     3.000
  1580.645	     1.000
  1581.232	     1.000
  1581.818	     2.000
  1582.405	     2.000
  1582.991	     2.000
  1583.578	     3.000
  1584.164	     2.000
  1584.751	     4.000
  1585.337	     2.000
  1585.924	     4.000
  1586.510	     3.000
  1587.097	     2.000
  1587.683	     1.000
  1588.270	     3.000
  1588.856	     4.000
  1589.443	     2.000
  1590.029	     4.000
  1590.616	     2.000
  1591.202	     3.000
  1591.789	     2.000
  1592.375	     2.000
  1592.962	     4.000
  1593.548	     2.000
  1594.135	     4.000
  1594.721	     3.000
  1595.308	     5.000
  1595.894	     4.000
  1596.481	     4.000
  1597.068	     1.000
  1597.654	     2.000
  1598.240	     2.000
  1598.827	     3.000
  1599.413	     4.000
  1600.000	     4.000
