-0.0430456   1535.32   7.22649e-005   0
-0.0427093   1532.68   7.44516e-006   0
-0.042373   1530.05   6.50827e-005   0
-0.0420367   1527.42   0.000112109   0
-0.0417004   1524.81   2.64785e-005   0
-0.0413641   1522.21   1.59238e-005   0
-0.0410278   1519.61   1.79019e-005   0
-0.0406915   1517.03   4.38744e-005   0
-0.0403552   1514.45   3.79588e-005   0
-0.0400189   1511.88   5.61961e-006   0
-0.0396826   1509.32   2.08643e-005   0
-0.0393463   1506.77   0.000102192   0
-0.03901   1504.23   0.000138224   0
-0.0386737   1501.7   8.51062e-005   0
-0.0383375   1499.17   6.06481e-005   0
-0.0380012   1496.65   9.13293e-006   0
-0.0376649   1494.14   0.000156891   0
-0.0373286   1491.64   0.00037861   0
-0.0369923   1489.15   0.000502461   0
-0.036656   1486.67   0.000150135   0
-0.0363197   1484.19   6.97236e-005   0
-0.0359834   1481.73   9.1921e-006   0
-0.0356471   1479.27   0.000512008   0
-0.0353108   1476.82   0.00062885   0
-0.0349745   1474.38   0.00162135   0
-0.0346382   1471.94   1.87301e-005   0
-0.0343019   1469.52   1.5663e-005   0
-0.0339656   1467.1   0.00033727   0
-0.0336293   1464.69   0.00292327   13.1934
-0.033293   1462.28   0.000499305   0
-0.0329568   1459.89   0.00114592   0
-0.0326205   1457.5   0.000557125   0
-0.0322842   1455.12   0.00220812   0
-0.0319479   1452.75   0.000548969   0
-0.0316116   1450.39   0.000785495   0
-0.0312753   1448.03   0.00126939   0
-0.030939   1445.68   0.00211829   0
-0.0306027   1443.34   3.86509e-005   0
-0.0302664   1441.01   0.000946104   0
-0.0299301   1438.69   0.000855673   0
-0.0295938   1436.37   0.00287486   17.1103
-0.0292575   1434.06   0.000262368   0
-0.0289212   1431.75   0.00533843   13.7936
-0.0285849   1429.46   0.00151318   0
-0.0282486   1427.17   0.00303711   14.8212
-0.0279124   1424.89   0.000175994   0
-0.0275761   1422.61   0.00274516   12.8056
-0.0272398   1420.35   0.00333953   12.2277
-0.0269035   1418.09   5.48456e-005   0
-0.0265672   1415.84   0.000315371   0
-0.0262309   1413.59   0.00491248   11.096
-0.0258946   1411.35   0.0012423   0
-0.0255583   1409.12   0.00820163   9.31897
-0.025222   1406.9   0.00104855   0
-0.0248857   1404.68   0.00123107   0
-0.0245494   1402.47   0.00238631   0
-0.0242131   1400.27   0.0142211   9.38006
-0.0238768   1398.07   0.00351669   8.3239
-0.0235405   1395.88   0.00380915   8.86797
-0.0232042   1393.7   0.0134196   8.56617
-0.022868   1391.53   0.00444714   7.99171
-0.0225317   1389.36   0.0144937   7.59189
-0.0221954   1387.2   0.00626622   7.18115
-0.0218591   1385.04   0.00412503   7.5871
-0.0215228   1382.89   0.00487816   7.21749
-0.0211865   1380.75   0.0153077   7.20068
-0.0208502   1378.62   0.0218654   6.02872
-0.0205139   1376.49   0.00924305   6.34082
-0.0201776   1374.36   0.0189766   6.29816
-0.0198413   1372.25   0.015059   5.16564
-0.019505   1370.14   0.00838944   5.35111
-0.0191687   1368.04   0.00934035   5.0435
-0.0188324   1365.94   0.00301916   4.76115
-0.0184961   1363.85   0.00570867   4.60072
-0.0181598   1361.77   0.00809905   4.2999
-0.0178236   1359.69   0.01163   3.63831
-0.0174873   1357.62   0.000577384   0
-0.017151   1355.56   0.00329772   3.02039
-0.0168147   1353.5   0.00630469   2.65011
-0.0164784   1351.45   0.0057551   2.49982
-0.0161421   1349.4   0.0127451   2.2083
-0.0158058   1347.36   0.0164699   1.6814
-0.0154695   1345.33   0.0295768   1.61034
-0.0151332   1343.3   0.0374895   1.30112
-0.0147969   1341.28   0.0344351   1.03742
-0.0144606   1339.26   0.0498643   0.948357
-0.0141243   1337.26   0.0539151   0.78207
-0.013788   1335.25   0.0705338   0.838829
-0.0134517   1333.26   0.079972   0.63579
-0.0131154   1331.26   0.0948611   0.472636
-0.0127792   1329.28   0.139159   0.403603
-0.0124429   1327.3   0.15237   0.240543
-0.0121066   1325.33   0.157757   0.178153
-0.0117703   1323.36   0.215067   0.189916
-0.011434   1321.4   0.221591   0.131734
-0.0110977   1319.44   0.235066   0.0647908
-0.0107614   1317.49   0.269595   -0.00993449
-0.0104251   1315.55   0.243791   -0.0826621
-0.0100888   1313.61   0.321423   -0.111601
-0.00975251   1311.68   0.340115   -0.131866
-0.00941622   1309.75   0.372899   -0.142248
-0.00907992   1307.83   0.44642   -0.239699
-0.00874363   1305.91   0.425616   -0.249402
-0.00840734   1304   0.512453   -0.251503
-0.00807104   1302.1   0.521536   -0.30759
-0.00773475   1300.2   0.513606   -0.251913
-0.00739846   1298.31   0.540373   -0.279996
-0.00706216   1296.42   0.565607   -0.239771
-0.00672587   1294.54   0.598404   -0.27563
-0.00638958   1292.66   0.620456   -0.305376
-0.00605328   1290.79   0.683299   -0.321698
-0.00571699   1288.92   0.686211   -0.296596
-0.00538069   1287.06   0.765735   -0.301594
-0.0050444   1285.2   0.74097   -0.283529
-0.00470811   1283.35   0.770911   -0.237194
-0.00437181   1281.51   0.755604   -0.250765
-0.00403552   1279.67   0.786815   -0.21638
-0.00369923   1277.84   0.8348   -0.194437
-0.00336293   1276.01   0.844435   -0.192942
-0.00302664   1274.18   0.880948   -0.150522
-0.00269035   1272.36   0.87851   -0.134772
-0.00235405   1270.55   0.827714   -0.13393
-0.00201776   1268.74   0.887544   -0.114903
-0.00168147   1266.94   0.925147   -0.110499
-0.00134517   1265.14   0.922342   -0.0433158
-0.00100888   1263.35   0.937835   -0.0710823
-0.000672587   1261.56   0.885332   -0.0244016
-0.000336293   1259.78   1   0.00708466
-2.01228e-016   1258   0.955866   0
0.000336293   1256.23   0.93302   0.0251004
0.000672587   1254.46   0.959048   0.0288699
0.00100888   1252.7   0.955024   0.0307094
0.00134517   1250.94   0.893932   0.0554648
0.00168147   1249.19   0.908401   0.0832778
0.00201776   1247.44   0.932027   0.0938399
0.00235405   1245.7   0.923914   0.0987103
0.00269035   1243.96   0.903491   0.12185
0.00302664   1242.22   0.882356   0.111217
0.00336293   1240.49   0.867883   0.0940745
0.00369923   1238.77   0.887834   0.111311
0.00403552   1237.05   0.833913   0.125287
0.00437181   1235.34   0.789741   0.120798
0.00470811   1233.63   0.764447   0.105465
0.0050444   1231.92   0.738755   0.11623
0.00538069   1230.22   0.729936   0.108856
0.00571699   1228.53   0.692573   0.104422
0.00605328   1226.84   0.656956   0.113184
0.00638958   1225.15   0.619854   0.122674
0.00672587   1223.47   0.582675   0.0932942
0.00706216   1221.79   0.571066   0.113948
0.00739846   1220.12   0.535865   0.085333
0.00773475   1218.45   0.473334   0.0903911
0.00807104   1216.79   0.473648   0.088785
0.00840734   1215.13   0.449204   0.0894711
0.00874363   1213.48   0.408623   0.0671959
0.00907992   1211.83   0.373043   0.0855628
0.00941622   1210.18   0.358966   0.064668
0.00975251   1208.54   0.31581   0.0820257
0.0100888   1206.91   0.302687   0.0641018
0.0104251   1205.28   0.266951   0.0824194
0.0107614   1203.65   0.25489   0.042192
0.0110977   1202.02   0.225702   0.0395642
0.011434   1200.41   0.206564   0.0556286
0.0117703   1198.79   0.187215   0.0633916
0.0121066   1197.18   0.166069   0.0647241
0.0124429   1195.58   0.153148   0.0615063
0.0127792   1193.98   0.131633   0.0574307
0.0131154   1192.38   0.109582   0.0292925
0.0134517   1190.79   0.0982135   0.0645863
0.013788   1189.2   0.100329   0.0436959
0.0141243   1187.61   0.093167   0.0103718
0.0144606   1186.03   0.0706209   0.0279159
0.0147969   1184.46   0.0658615   0.0849232
0.0151332   1182.89   0.0535683   0.0356094
0.0154695   1181.32   0.0444417   0.0657251
0.0158058   1179.75   0.0355768   0.0847646
0.0161421   1178.2   0.0333392   0.0344125
0.0164784   1176.64   0.0305422   0.0975193
0.0168147   1175.09   0.0215844   0.0732538
0.017151   1173.54   0.0200822   0.104249
0.0174873   1172   0.0159588   0.218108
0.0178236   1170.46   0.0133217   0.0621115
0.0181598   1168.93   0.0118823   0.159983
0.0184961   1167.4   0.0100827   0.229068
0.0188324   1165.87   0.00808226   0.224234
0.0191687   1164.35   0.00565269   0.279668
0.019505   1162.83   0.00469671   0.331328
0.0198413   1161.31   0.00447116   0.529566
0.0201776   1159.8   0.00346242   0.440849
0.0205139   1158.3   0.00245162   0
0.0208502   1156.79   0.00280722   0.608429
0.0211865   1155.29   0.00328396   0.698021
0.0215228   1153.8   0.00083881   0
0.0218591   1152.31   0.00257587   0.959221
0.0221954   1150.82   0.00195466   0
0.0225317   1149.34   0.00217031   0
0.022868   1147.86   0.00127741   0
0.0232042   1146.38   0.00196444   0
0.0235405   1144.91   0.0017621   0
0.0238768   1143.44   0.00288218   1.37758
0.0242131   1141.97   0.00322003   1.52107
0.0245494   1140.51   0.00258363   1.54194
0.0248857   1139.06   0.00179043   0
0.025222   1137.6   0.00275781   1.62669
0.0255583   1136.15   0.00286698   1.2419
0.0258946   1134.71   0.00354771   1.29548
0.0262309   1133.26   0.00247561   0
0.0265672   1131.82   0.0044469   1.35666
0.0269035   1130.39   0.00262145   1.43782
0.0272398   1128.96   0.00289066   1.47156
0.0275761   1127.53   0.00354457   1.19988
0.0279124   1126.11   0.00242106   0
0.0282486   1124.69   0.00449701   1.15816
0.0285849   1123.27   0.0039092   0.905005
0.0289212   1121.85   0.0033249   0.936514
0.0292575   1120.44   0.00338415   0.819063
0.0295938   1119.04   0.00248051   0
0.0299301   1117.64   0.00174425   0
0.0302664   1116.24   0.00166935   0
0.0306027   1114.84   0.00669443   0.406358
0.030939   1113.45   0.00245638   0
0.0312753   1112.06   0.00153347   0
0.0316116   1110.67   0.00150795   0
0.0319479   1109.29   0.0014341   0
0.0322842   1107.91   0.00114361   0
0.0326205   1106.54   0.000631704   0
0.0329568   1105.17   0.000531357   0
0.033293   1103.8   0.000545669   0
0.0336293   1102.43   0.000484464   0
0.0339656   1101.07   0.000971512   0
0.0343019   1099.71   0.000187616   0
0.0346382   1098.36   0.000335761   0
0.0349745   1097.01   9.96864e-005   0
0.0353108   1095.66   5.30212e-005   0
0.0356471   1094.31   5.53067e-005   0
0.0359834   1092.97   0.000141026   0
0.0363197   1091.63   0.000199397   0
0.036656   1090.3   0.000151223   0
0.0369923   1088.97   9.38657e-005   0
0.0373286   1087.64   3.9049e-005   0
0.0376649   1086.31   2.98761e-006   0
0.0380012   1084.99   4.68488e-005   0
0.0383375   1083.67   9.08736e-005   0
0.0386737   1082.36   0.000158763   0
0.03901   1081.04   2.82701e-006   0
0.0393463   1079.73   2.50684e-005   0
0.0396826   1078.43   1.61617e-005   0
0.0400189   1077.12   0.000267143   0
0.0403552   1075.82   2.11168e-005   0
0.0406915   1074.53   8.10699e-005   0
0.0410278   1073.23   5.55097e-005   0
0.0413641   1071.94   7.03372e-005   0
0.0417004   1070.66   2.49127e-006   0
0.0420367   1069.37   5.86227e-005   0
0.042373   1068.09   9.26699e-005   0
0.0427093   1066.81   2.44569e-005   0
