-1486.8   2.12407e-005   0
-1475.18   2.65424e-006   0
-1463.57   2.07474e-006   0
-1451.95   4.80663e-006   0
-1440.33   1.45995e-006   0
-1428.72   6.7943e-006   0
-1417.1   1.82911e-007   0
-1405.49   1.1366e-005   0
-1393.87   6.16266e-006   0
-1382.26   8.02952e-006   0
-1370.64   2.73116e-006   0
-1359.03   7.31196e-006   0
-1347.41   6.57741e-006   0
-1335.79   9.08678e-007   0
-1324.18   2.64041e-005   0
-1312.56   5.55209e-006   0
-1300.95   1.07337e-005   0
-1289.33   1.05912e-005   0
-1277.72   3.17082e-005   0
-1266.1   1.22624e-005   0
-1254.48   4.25187e-005   0
-1242.87   1.78329e-005   0
-1231.25   1.32202e-005   0
-1219.64   2.19236e-005   0
-1208.02   1.17335e-005   0
-1196.41   3.88836e-006   0
-1184.79   4.16847e-005   0
-1173.18   1.6645e-005   0
-1161.56   1.30937e-005   0
-1149.94   2.65355e-006   0
-1138.33   3.12529e-006   0
-1126.71   1.10795e-006   0
-1115.1   6.62655e-008   0
-1103.48   2.9035e-006   0
-1091.87   7.44594e-006   0
-1080.25   5.12655e-006   0
-1068.64   2.70723e-005   0
-1057.02   7.86881e-006   0
-1045.4   1.57437e-005   0
-1033.79   2.24763e-005   0
-1022.17   1.6934e-005   0
-1010.56   1.96298e-005   0
-998.942   1.90745e-005   0
-987.326   1.06138e-005   0
-975.71   3.22063e-005   0
-964.095   2.13838e-005   0
-952.479   4.05007e-005   0
-940.864   2.67301e-005   0
-929.248   1.11841e-005   0
-917.632   6.99362e-005   0
-906.017   6.48399e-005   0
-894.401   3.56313e-005   0
-882.786   1.75049e-005   0
-871.17   2.11399e-005   0
-859.554   3.76306e-005   0
-847.939   3.90451e-005   0
-836.323   1.80234e-006   0
-824.708   1.10482e-006   0
-813.092   1.63371e-005   0
-801.476   1.18367e-005   0
-789.861   4.61759e-006   0
-778.245   1.85587e-005   0
-766.63   4.02629e-006   0
-755.014   8.90773e-007   0
-743.398   3.77964e-005   0
-731.783   5.25496e-006   0
-720.167   2.09854e-005   0
-708.552   1.74688e-005   0
-696.936   6.24046e-005   0
-685.32   8.39792e-005   0
-673.705   4.12164e-005   0
-662.089   2.77796e-005   0
-650.474   1.32561e-005   0
-638.858   3.21889e-005   0
-627.242   4.09427e-005   0
-615.627   8.51562e-005   0
-604.011   9.02922e-005   0
-592.396   1.04266e-005   0
-580.78   8.712e-005   0
-569.164   9.67143e-005   0
-557.549   1.10335e-005   0
-545.933   2.65374e-005   0
-534.318   3.57459e-005   0
-522.702   6.04806e-006   0
-511.086   2.47626e-005   0
-499.471   4.05182e-005   0
-487.855   1.57943e-005   0
-476.24   1.47783e-005   0
-464.624   0.000126915   0
-453.008   0.000125945   0
-441.393   4.59898e-006   0
-429.777   1.35838e-005   0
-418.162   0.000180084   0
-406.546   9.76623e-006   0
-394.93   8.02627e-006   0
-383.315   1.83065e-005   0
-371.699   2.2317e-005   0
-360.084   5.15326e-006   0
-348.468   3.51735e-005   0
-336.852   3.83916e-005   0
-325.237   6.52796e-006   0
-313.621   2.41168e-005   0
-302.006   1.77445e-005   0
-290.39   2.71938e-005   0
-278.774   1.28997e-005   0
-267.159   7.4889e-005   0
-255.543   6.83996e-005   0
-243.928   1.44193e-005   0
-232.312   2.37679e-005   0
-220.696   1.79879e-005   0
-209.081   7.25977e-006   0
-197.465   4.12275e-007   0
-185.85   2.25276e-006   0
-174.234   3.01643e-007   0
-162.618   2.12341e-006   0
-151.003   1.94832e-006   0
-139.387   4.60468e-006   0
-127.772   3.70305e-006   0
-116.156   3.3074e-006   0
-104.54   4.9796e-006   0
-92.9248   6.18709e-005   0
-81.3092   0.000169726   0
-69.6936   0.00101845   0
-58.078   0.00341061   0.604474
-46.4624   0.0141866   0.164965
-34.8468   0.0704245   -0.077308
-23.2312   0.30315   -0.180877
-11.6156   0.784152   -0.114101
1.11413e-011   1   0
11.6156   0.639679   0.00926797
23.2312   0.208753   -0.0980607
34.8468   0.0144311   -0.379805
46.4624   0.0136693   -2.92563
58.078   0.0184996   -3.16256
69.6936   0.0110092   -4.07805
81.3092   0.00975554   -4.67951
92.9248   0.00530872   -6.08186
104.54   0.00445813   -7.06751
116.156   0.00476461   -8.62982
127.772   0.00249246   0
139.387   0.00294741   -11.3742
151.003   0.00128545   0
162.618   0.00106288   0
174.234   0.000861821   0
185.85   0.000145147   0
197.465   0.000177148   0
209.081   9.77158e-005   0
220.696   1.05964e-005   0
232.312   1.67046e-005   0
243.928   2.43311e-005   0
255.543   3.49231e-006   0
267.159   4.14551e-006   0
278.774   7.73175e-007   0
290.39   0.000141529   0
302.006   2.30431e-005   0
313.621   2.63668e-005   0
325.237   0.00011427   0
336.852   6.84328e-005   0
348.468   7.33555e-005   0
360.084   5.94489e-005   0
371.699   6.48107e-005   0
383.315   6.87656e-005   0
394.93   2.26685e-005   0
406.546   1.60783e-005   0
418.162   1.51873e-005   0
429.777   4.21491e-005   0
441.393   4.20246e-005   0
453.008   1.67382e-006   0
464.624   1.27273e-005   0
476.24   2.10044e-005   0
487.855   6.4359e-005   0
499.471   5.90577e-005   0
511.086   0.000132534   0
522.702   7.98508e-005   0
534.318   1.88012e-005   0
545.933   2.67322e-005   0
557.549   4.3521e-006   0
569.164   4.80816e-006   0
580.78   1.8234e-005   0
592.396   1.79056e-005   0
604.011   1.28703e-006   0
615.627   6.16997e-006   0
627.242   2.18362e-006   0
638.858   2.94106e-006   0
650.474   2.38607e-005   0
662.089   5.37527e-006   0
673.705   3.19254e-005   0
685.32   2.62843e-008   0
696.936   3.65751e-006   0
708.552   1.64791e-005   0
720.167   0.000118359   0
731.783   7.42933e-005   0
743.398   9.04982e-005   0
755.014   7.68601e-005   0
766.63   0.000106421   0
778.245   0.000121489   0
789.861   6.50239e-005   0
801.476   0.0001563   0
813.092   0.000174995   0
824.708   0.000112064   0
836.323   5.69488e-006   0
847.939   3.12925e-005   0
859.554   1.67553e-005   0
871.17   5.72079e-006   0
882.786   3.7792e-006   0
894.401   2.28794e-005   0
906.017   9.57665e-006   0
917.632   1.20866e-005   0
929.248   1.31798e-005   0
940.864   4.42187e-005   0
952.479   1.40573e-005   0
964.095   7.13052e-007   0
975.71   1.78388e-005   0
987.326   2.93479e-005   0
998.942   9.71806e-006   0
1010.56   6.66006e-005   0
1022.17   7.34466e-005   0
1033.79   7.49564e-005   0
1045.4   0.000143781   0
1057.02   1.81029e-005   0
1068.64   2.98244e-006   0
1080.25   5.95856e-006   0
1091.87   0.000162432   0
1103.48   0.000220135   0
1115.1   0.000141323   0
1126.71   4.84972e-005   0
1138.33   0.000108149   0
1149.94   0.00011214   0
1161.56   6.2154e-005   0
1173.18   2.0247e-005   0
1184.79   1.00245e-005   0
1196.41   4.83651e-005   0
1208.02   4.76329e-005   0
1219.64   0.000110995   0
1231.25   4.72244e-005   0
1242.87   5.43969e-005   0
1254.48   2.55034e-006   0
1266.1   1.92921e-005   0
1277.72   4.39163e-005   0
1289.33   2.22878e-005   0
1300.95   6.31815e-006   0
1312.56   1.53008e-005   0
1324.18   3.53261e-005   0
1335.79   5.50674e-006   0
1347.41   5.58642e-005   0
1359.03   0.000268586   0
1370.64   9.13883e-005   0
1382.26   6.95028e-005   0
1393.87   5.7851e-005   0
1405.49   3.57051e-005   0
1417.1   0.000181234   0
1428.72   0.000121948   0
1440.33   4.59427e-005   0
1451.95   2.76033e-005   0
1463.57   1.449e-005   0
1475.18   1.6713e-005   0
